196 767 127 100 153 33 320 641 377 917 494 574 602 897 765 466 592 127 42 805 704 633 873 773 8 642 581 654 371 627 
982 947 919 87 442 942 118 481 713 729 756 417 133 962 445 187 331 548 866 330 489 730 695 605 449 983 229 368 773 623 708 401 329 981 678 308 78 235 439 843 945 19 308 432 889 911 451 
172 262 241 205 711 674 630 276 929 734 108 723 919 28 457 710 948 347 21 708 576 569 489 87 246 964 125 223 207 661 455 
636 607 158 998 612 193 307 240 762 680 50 314 103 448 315 723 714 953 587 871 253 64 135 596 710 902 458 1000 129 92 220 51 41 244 159 363 711 244 337 181 975 400 803 253 
516 964 58 357 2 30 361 575 734 845 740 999 145 511 856 216 691 932 446 539 941 615 149 464 308 929 379 457 54 136 50 675 227 139 871 518 522 902 751 973 127 893 
883 555 9 209 387 567 571 159 877 182 350 143 652 291 464 601 49 214 843 679 878 951 748 791 455 936 7 488 821 958 473 758 434 659 469 285 31 755 656 363 981 130 467 62 938 734 263 280 275 529 
686 753 475 538 811 391 872 488 35 615 975 718 839 525 44 382 534 734 966 429 859 903 694 533 792 392 494 491 932 486 244 402 
172 846 575 179 398 460 438 361 684 495 859 241 241 386 967 513 54 776 86 840 362 218 90 79 171 245 528 446 478 873 
468 443 698 944 195 115 295 425 15 131 660 364 615 85 471 836 420 737 395 130 522 78 174 219 502 743 520 479 460 688 712 114 904 411 924 476 
993 331 76 430 538 406 37 89 562 973 908 483 511 741 892 267 972 649 283 539 625 533 542 474 546 115 500 434 490 292 448 936 145 403 132 812 928 127 91 856 908 455 407 401 312 
838 474 323 65 360 251 635 990 163 537 997 155 327 580 845 811 252 340 992 559 926 42 851 511 75 580 92 482 900 502 250 994 
334 12 313 802 266 727 69 184 404 580 598 173 831 353 660 791 991 198 794 776 770 201 125 460 627 708 517 401 911 120 441 563 17 767 671 182 737 164 887 967 626 688 
545 123 782 474 469 780 751 952 492 700 478 814 270 534 611 877 279 36 203 725 202 243 261 326 874 803 739 962 835 431 126 855 881 710 742 154 837 340 581 152 133 943 897 129 
871 597 71 370 194 789 252 128 528 45 698 318 513 845 699 632 567 403 747 11 338 207 91 460 693 945 387 637 200 195 833 703 886 149 414 101 633 39 636 695 
37 66 614 765 262 16 435 857 744 514 141 863 529 375 518 379 750 922 965 219 554 236 882 720 969 743 306 29 257 958 872 7 25 
332 11 688 562 640 290 578 978 683 237 716 200 789 145 487 799 897 82 632 787 291 832 670 273 175 263 277 888 91 236 777 218 835 
308 270 784 479 449 563 962 486 376 363 45 742 867 638 763 285 305 47 179 979 236 706 927 479 896 34 777 302 518 366 292 449 369 250 61 772 572 881 720 466 2 91 410 70 585 
589 961 947 248 954 586 973 988 219 180 93 618 413 17 872 591 558 537 883 518 485 500 257 534 98 289 186 648 696 467 26 163 97 844 913 82 12 747 
432 480 378 120 692 525 954 364 786 948 230 864 330 51 238 179 812 391 704 587 212 868 437 464 844 175 651 815 133 797 425 64 19 711 653 626 888 401 279 285 598 875 177 
683 358 100 813 386 892 150 227 84 428 918 530 999 58 210 249 901 565 338 97 16 492 22 627 572 473 597 624 755 886 381 606 515 708 112 449 83 858 926 541 728 138 323 900 550 307 997 
737 243 662 432 433 39 567 407 901 11 824 13 615 321 23 85 221 499 571 476 774 695 14 178 514 203 778 733 945 589 465 304 306 
324 357 275 166 149 554 922 206 401 694 857 984 734 774 446 312 145 878 849 428 490 137 678 836 631 993 652 14 426 154 694 816 189 331 433 366 967 696 154 151 701 303 453 201 
844 676 692 186 65 822 940 341 981 582 159 437 640 181 764 938 975 745 976 380 901 639 995 153 674 616 207 465 209 354 920 217 222 554 831 708 436 493 261 744 992 587 954 277 
851 664 268 172 801 474 843 577 105 712 316 531 824 224 334 673 808 760 225 164 533 351 572 267 322 881 911 312 709 769 143 372 864 89 439 752 904 622 890 957 349 
